#' @export

armen_2015 <- c(rep(15, 144), rep(16, 157), rep(17, 159), rep(18,
    135), rep(19, 148), rep(20, 182), rep(21, 165), rep(22, 171),
    rep(23, 196), rep(24, 208), rep(25, 257), rep(26, 186), rep(27,
        201), rep(28, 204), rep(29, 228), rep(30, 217), rep(31,
        198), rep(32, 190), rep(33, 215), rep(34, 185), rep(35,
        188), rep(36, 187), rep(37, 166), rep(38, 167), rep(39,
        166), rep(40, 179), rep(41, 157), rep(42, 143), rep(43,
        165), rep(44, 138), rep(45, 170), rep(46, 134), rep(47,
        134), rep(48, 140), rep(49, 136))


#' @export

armen_2010 <- c(rep(15, 147), rep(16, 148), rep(17, 130), rep(18, 202),
    rep(19, 217), rep(20, 244), rep(21, 187), rep(22, 208), rep(23,
        201), rep(24, 214), rep(25, 208), rep(26, 188), rep(27,
        209), rep(28, 152), rep(29, 170), rep(30, 172), rep(31,
        161), rep(32, 165), rep(33, 155), rep(34, 148), rep(35,
        128), rep(36, 138), rep(37, 137), rep(38, 138), rep(39,
        121), rep(40, 141), rep(41, 133), rep(42, 162), rep(43,
        144), rep(44, 159), rep(45, 172), rep(46, 177), rep(47,
        173), rep(48, 198), rep(49, 175))


#' @export
armen_2005 <- c(rep(15, 240), rep(16, 248), rep(17, 208), rep(18, 203),
    rep(19, 237), rep(20, 231), rep(21, 230), rep(22, 231), rep(23,
        184), rep(24, 191), rep(25, 197), rep(26, 178), rep(27,
        206), rep(28, 178), rep(29, 151), rep(30, 143), rep(31,
        130), rep(32, 136), rep(33, 140), rep(34, 160), rep(35,
        132), rep(36, 139), rep(37, 133), rep(38, 154), rep(39,
        162), rep(40, 190), rep(41, 180), rep(42, 212), rep(43,
        224), rep(44, 218), rep(45, 230), rep(46, 232), rep(47,
        198), rep(48, 203), rep(49, 137))
		
		
#' @export	
armen_2000 <- c(rep(15, 248), rep(16, 259), rep(17, 246), rep(18, 206),
    rep(19, 209), rep(20, 213), rep(21, 213), rep(22, 204), rep(23,
        173), rep(24, 188), rep(25, 160), rep(26, 157), rep(27,
        156), rep(28, 147), rep(29, 143), rep(30, 159), rep(31,
        138), rep(32, 166), rep(33, 155), rep(34, 146), rep(35,
        168), rep(36, 193), rep(37, 199), rep(38, 211), rep(39,
        201), rep(40, 214), rep(41, 220), rep(42, 183), rep(43,
        175), rep(44, 174), rep(45, 180), rep(46, 193), rep(47,
        163), rep(48, 158), rep(49, 112))