#' @export

phil_2017 <- c(rep(15, 1005), rep(16, 1043), rep(17, 1191), rep(18,
    975), rep(19, 906), rep(20, 819), rep(21, 768), rep(22, 834),
    rep(23, 737), rep(24, 756), rep(25, 811), rep(26, 730), rep(27,
        732), rep(28, 749), rep(29, 664), rep(30, 697), rep(31,
        620), rep(32, 653), rep(33, 658), rep(34, 659), rep(35,
        673), rep(36, 646), rep(37, 718), rep(38, 625), rep(39,
        629), rep(40, 609), rep(41, 541), rep(42, 611), rep(43,
        565), rep(44, 577), rep(45, 619), rep(46, 511), rep(47,
        627), rep(48, 597), rep(49, 519))
#' @export
phil_2013 <- c(rep(15, 801), rep(16, 662), rep(17, 639), rep(18,
    626), rep(19, 533), rep(20, 632), rep(21, 563), rep(22, 543),
    rep(23, 571), rep(24, 500), rep(25, 478), rep(26, 449), rep(27,
        414), rep(28, 404), rep(29, 426), rep(30, 435), rep(31,
        426), rep(32, 443), rep(33, 476), rep(34, 426), rep(35,
        378), rep(36, 438), rep(37, 386), rep(38, 400), rep(39,
        372), rep(40, 405), rep(41, 383), rep(42, 365), rep(43,
        392), rep(44, 371), rep(45, 453), rep(46, 347), rep(47,
        342), rep(48, 363), rep(49, 313))
#' @export
phil_2008 <- c(rep(15, 645), rep(16, 556), rep(17, 505), rep(18,
    541), rep(19, 519), rep(20, 450), rep(21, 424), rep(22, 438),
    rep(23, 409), rep(24, 422), rep(25, 425), rep(26, 407), rep(27,
        402), rep(28, 453), rep(29, 380), rep(30, 438), rep(31,
        355), rep(32, 398), rep(33, 353), rep(34, 313), rep(35,
        358), rep(36, 363), rep(37, 333), rep(38, 370), rep(39,
        363), rep(40, 338), rep(41, 285), rep(42, 314), rep(43,
        304), rep(44, 288), rep(45, 314), rep(46, 318), rep(47,
        247), rep(48, 308), rep(49, 258))
#' @export
phil_2003 <- c(rep(15, 592), rep(16, 604), rep(17, 529), rep(18,
    499), rep(19, 422), rep(20, 452), rep(21, 419), rep(22, 442),
    rep(23, 452), rep(24, 449), rep(25, 447), rep(26, 406), rep(27,
        397), rep(28, 406), rep(29, 392), rep(30, 419), rep(31,
        382), rep(32, 394), rep(33, 379), rep(34, 375), rep(35,
        402), rep(36, 391), rep(37, 372), rep(38, 375), rep(39,
        352), rep(40, 351), rep(41, 291), rep(42, 276), rep(43,
        322), rep(44, 301), rep(45, 303), rep(46, 271), rep(47,
        248), rep(48, 283), rep(49, 238))
#' @export
phil_1998 <- c(rep(15, 653), rep(16, 629), rep(17, 587), rep(18,
    597), rep(19, 483), rep(20, 492), rep(21, 448), rep(22, 449),
    rep(23, 424), rep(24, 428), rep(25, 459), rep(26, 391), rep(27,
        462), rep(28, 459), rep(29, 395), rep(30, 437), rep(31,
        382), rep(32, 395), rep(33, 431), rep(34, 413), rep(35,
        424), rep(36, 378), rep(37, 358), rep(38, 382), rep(39,
        334), rep(40, 314), rep(41, 300), rep(42, 325), rep(43,
        276), rep(44, 263), rep(45, 271), rep(46, 229), rep(47,
        230), rep(48, 248), rep(49, 237))
#' @export
phil_1993 <- c(rep(15, 663), rep(16, 689), rep(17, 642), rep(18,
    592), rep(19, 553), rep(20, 552), rep(21, 474), rep(22, 526),
    rep(23, 524), rep(24, 526), rep(25, 508), rep(26, 441), rep(27,
        487), rep(28, 523), rep(29, 453), rep(30, 470), rep(31,
        442), rep(32, 452), rep(33, 446), rep(34, 418), rep(35,
        387), rep(36, 403), rep(37, 377), rep(38, 400), rep(39,
        340), rep(40, 385), rep(41, 285), rep(42, 320), rep(43,
        336), rep(44, 271), rep(45, 282), rep(46, 230), rep(47,
        222), rep(48, 232), rep(49, 178))






