#' @export

pak_2017 <- c(rep(15, 37), rep(16, 65), rep(17, 114), rep(18, 265),
    rep(19, 247), rep(20, 420), rep(21, 329), rep(22, 522), rep(23,
        437), rep(24, 512), rep(25, 747), rep(26, 597), rep(27,
        598), rep(28, 678), rep(29, 526), rep(30, 802), rep(31,
        460), rep(32, 605), rep(33, 498), rep(34, 488), rep(35,
        763), rep(36, 528), rep(37, 448), rep(38, 590), rep(39,
        409), rep(40, 527), rep(41, 321), rep(42, 376), rep(43,
        304), rep(44, 293), rep(45, 448), rep(46, 309), rep(47,
        288), rep(48, 334), rep(49, 183))
#' @export

pak_2012 <- c(rep(15, 8), rep(16, 49), rep(17, 110), rep(18, 221), rep(19,
    179), rep(20, 454), rep(21, 279), rep(22, 494), rep(23, 386),
    rep(24, 435), rep(25, 685), rep(26, 522), rep(27, 492), rep(28,
        609), rep(29, 415), rep(30, 812), rep(31, 320), rep(32,
        551), rep(33, 398), rep(34, 357), rep(35, 726), rep(36,
        414), rep(37, 368), rep(38, 495), rep(39, 297), rep(40,
        665), rep(41, 248), rep(42, 391), rep(43, 257), rep(44,
        247), rep(45, 499), rep(46, 261), rep(47, 303), rep(48,
        333), rep(49, 278))
#' @export

pak_2006 <- c(rep(15, 39), rep(16, 69), rep(17, 96), rep(18, 203), rep(19,
    171), rep(20, 358), rep(21, 232), rep(22, 353), rep(23, 270),
    rep(24, 347), rep(25, 513), rep(26, 392), rep(27, 344), rep(28,
        460), rep(29, 301), rep(30, 593), rep(31, 236), rep(32,
        366), rep(33, 242), rep(34, 279), rep(35, 500), rep(36,
        335), rep(37, 227), rep(38, 351), rep(39, 236), rep(40,
        434), rep(41, 233), rep(42, 228), rep(43, 191), rep(44,
        196), rep(45, 360), rep(46, 258), rep(47, 177), rep(48,
        245), rep(49, 188))
#' @export

pak_1990 <- c(rep(15, 29), rep(16, 50), rep(17, 60), rep(18, 164), rep(19,
    104), rep(20, 328), rep(21, 121), rep(22, 255), rep(23, 185),
    rep(24, 175), rep(25, 580), rep(26, 264), rep(27, 212), rep(28,
        300), rep(29, 113), rep(30, 552), rep(31, 117), rep(32,
        240), rep(33, 133), rep(34, 158), rep(35, 485), rep(36,
        151), rep(37, 119), rep(38, 175), rep(39, 101), rep(40,
        367), rep(41, 89), rep(42, 149), rep(43, 118), rep(44,
        97), rep(45, 284), rep(46, 107), rep(47, 84), rep(48,
        105), rep(49, 40))






