#' @export

azer_2006 <- c(rep(15, 255), rep(16, 315), rep(17, 306), rep(18,
    347), rep(19, 286), rep(20, 271), rep(21, 261), rep(22, 288),
    rep(23, 259), rep(24, 250), rep(25, 244), rep(26, 242), rep(27,
        215), rep(28, 205), rep(29, 202), rep(30, 195), rep(31,
        185), rep(32, 210), rep(33, 211), rep(34, 202), rep(35,
        242), rep(36, 252), rep(37, 218), rep(38, 228), rep(39,
        228), rep(40, 260), rep(41, 247), rep(42, 265), rep(43,
        272), rep(44, 265), rep(45, 255), rep(46, 220), rep(47,
        216), rep(48, 179), rep(49, 148))