#' @export

india_2015 <- c(rep(15, 25734), rep(16, 25526), rep(17, 23813), rep(18,
    27736), rep(19, 22069), rep(20, 27789), rep(21, 21856), rep(22,
    26837), rep(23, 23601), rep(24, 22872), rep(25, 29967), rep(26,
    22456), rep(27, 20647), rep(28, 25060), rep(29, 16946), rep(30,
    30423), rep(31, 14724), rep(32, 21681), rep(33, 15341), rep(34,
    14879), rep(35, 28124), rep(36, 16151), rep(37, 14146), rep(38,
    19080), rep(39, 12932), rep(40, 26096), rep(41, 11182), rep(42,
    16307), rep(43, 12106), rep(44, 10936), rep(45, 24095), rep(46,
    11838), rep(47, 11385), rep(48, 14891), rep(49, 10460))
		
#' @export

india_2005 <- c(rep(15, 4547), rep(16, 5030), rep(17, 4613), rep(18, 5358),
    rep(19, 4407), rep(20, 5380), rep(21, 4291), rep(22, 4809),
    rep(23, 4331), rep(24, 3996), rep(25, 5075), rep(26, 4151),
    rep(27, 3762), rep(28, 4170), rep(29, 3495), rep(30, 4984),
    rep(31, 3071), rep(32, 3635), rep(33, 3184), rep(34, 2993),
    rep(35, 4613), rep(36, 3156), rep(37, 2837), rep(38, 3106),
    rep(39, 2446), rep(40, 3966), rep(41, 2343), rep(42, 2653),
    rep(43, 2219), rep(44, 1957), rep(45, 3050), rep(46, 1920),
    rep(47, 1725), rep(48, 1915), rep(49, 1197))
		
		
#' @export	
india_1998 <- c(rep(15, 520), rep(16, 948), rep(17, 1272), rep(18, 2204),
    rep(19, 2097), rep(20, 3339), rep(21, 2724), rep(22, 3363),
    rep(23, 3229), rep(24, 3318), rep(25, 4281), rep(26, 3660),
    rep(27, 3326), rep(28, 3742), rep(29, 3155), rep(30, 4245),
    rep(31, 2866), rep(32, 3170), rep(33, 2721), rep(34, 2823),
    rep(35, 3707), rep(36, 2717), rep(37, 2398), rep(38, 2757),
    rep(39, 2191), rep(40, 2936), rep(41, 2073), rep(42, 2192),
    rep(43, 1934), rep(44, 1848), rep(45, 2401), rep(46, 1752),
    rep(47, 1496), rep(48, 1787), rep(49, 1111))
		
		
#' @export	

india_1992 <- c(rep(15, 536), rep(16, 967), rep(17, 1382), rep(18, 2520),
    rep(19, 2410), rep(20, 3822), rep(21, 2966), rep(22, 3589),
    rep(23, 3207), rep(24, 3634), rep(25, 4275), rep(26, 3443),
    rep(27, 3297), rep(28, 3698), rep(29, 3011), rep(30, 4242),
    rep(31, 2521), rep(32, 3139), rep(33, 2652), rep(34, 2617),
    rep(35, 3491), rep(36, 2567), rep(37, 2224), rep(38, 2533),
    rep(39, 2060), rep(40, 3026), rep(41, 1707), rep(42, 2102),
    rep(43, 1681), rep(44, 1680), rep(45, 2411), rep(46, 1602),
    rep(47, 1467), rep(48, 1695), rep(49, 1332))
		
