#' @export

yemen_2013 <- c(rep(15, 1376), rep(16, 1244), rep(17, 1240), rep(18, 1445),
    rep(19, 1110), rep(20, 1552), rep(21, 737), rep(22, 1064),
    rep(23, 1003), rep(24, 789), rep(25, 1391), rep(26, 826),
    rep(27, 773), rep(28, 939), rep(29, 637), rep(30, 1297),
    rep(31, 417), rep(32, 573), rep(33, 494), rep(34, 380), rep(35,
        1019), rep(36, 411), rep(37, 426), rep(38, 555), rep(39,
        349), rep(40, 799), rep(41, 207), rep(42, 311), rep(43,
        312), rep(44, 192), rep(45, 649), rep(46, 212), rep(47,
        195), rep(48, 334), rep(49, 176))
		
#' @export
yemen_1991 <- c(rep(15, 41), rep(16, 57), rep(17, 72), rep(18, 141), rep(19,
    119), rep(20, 284), rep(21, 105), rep(22, 164), rep(23, 140),
    rep(24, 139), rep(25, 518), rep(26, 157), rep(27, 184), rep(28,
        226), rep(29, 212), rep(30, 473), rep(31, 128), rep(32,
        177), rep(33, 93), rep(34, 115), rep(35, 513), rep(36,
        111), rep(37, 115), rep(38, 136), rep(39, 95), rep(40,
        343), rep(41, 65), rep(42, 112), rep(43, 66), rep(44,
        62), rep(45, 287), rep(46, 57), rep(47, 53), rep(48,
        62), rep(49, 65))



