#' @export

jord_2017 <- c(rep(15, 20), rep(16, 44), rep(17, 92), rep(18,
    110), rep(19, 161), rep(20, 216), rep(21, 263), rep(22, 317),
    rep(23, 385), rep(24, 459), rep(25, 485), rep(26, 497), rep(27,
        561), rep(28, 531), rep(29, 538), rep(30, 536), rep(31,
        569), rep(32, 585), rep(33, 549), rep(34, 509), rep(35,
        567), rep(36, 460), rep(37, 519), rep(38, 493), rep(39,
        506), rep(40, 509), rep(41, 449), rep(42, 527), rep(43,
        472), rep(44, 429), rep(45, 454), rep(46, 408), rep(47,
        474), rep(48, 462), rep(49, 533))
		
#' @export
jord_2012 <- c(rep(15, 11), rep(16, 22), rep(17, 35), rep(18,
    67), rep(19, 104), rep(20, 123), rep(21, 186), rep(22, 254),
    rep(23, 291), rep(24, 336), rep(25, 378), rep(26, 414), rep(27,
        410), rep(28, 467), rep(29, 441), rep(30, 461), rep(31,
        419), rep(32, 415), rep(33, 466), rep(34, 408), rep(35,
        474), rep(36, 423), rep(37, 418), rep(38, 410), rep(39,
        439), rep(40, 420), rep(41, 415), rep(42, 373), rep(43,
        382), rep(44, 409), rep(45, 329), rep(46, 309), rep(47,
        322), rep(48, 259), rep(49, 262))

#' @export
jord_2009 <- c(rep(15, 6), rep(16, 25), rep(17, 43), rep(18,
    56), rep(19, 99), rep(20, 147), rep(21, 171), rep(22, 242),
    rep(23, 307), rep(24, 317), rep(25, 368), rep(26, 412), rep(27,
        364), rep(28, 418), rep(29, 368), rep(30, 454), rep(31,
        402), rep(32, 393), rep(33, 368), rep(34, 401), rep(35,
        369), rep(36, 437), rep(37, 366), rep(38, 369), rep(39,
        384), rep(40, 365), rep(41, 342), rep(42, 326), rep(43,
        317), rep(44, 286), rep(45, 274), rep(46, 277), rep(47,
        237), rep(48, 187), rep(49, 212))

#' @export
jord_2007 <- c(rep(15, 6), rep(16, 18), rep(17, 41), rep(18,
    69), rep(19, 88), rep(20, 150), rep(21, 197), rep(22, 248),
    rep(23, 306), rep(24, 371), rep(25, 397), rep(26, 348), rep(27,
        376), rep(28, 458), rep(29, 435), rep(30, 472), rep(31,
        408), rep(32, 431), rep(33, 455), rep(34, 485), rep(35,
        443), rep(36, 361), rep(37, 452), rep(38, 401), rep(39,
        406), rep(40, 435), rep(41, 372), rep(42, 380), rep(43,
        302), rep(44, 320), rep(45, 272), rep(46, 233), rep(47,
        265), rep(48, 244), rep(49, 231))


#' @export
jord_2002 <- c(rep(15, 1), rep(16, 13), rep(17, 31), rep(18,
    46), rep(19, 64), rep(20, 94), rep(21, 129), rep(22, 142),
    rep(23, 177), rep(24, 211), rep(25, 205), rep(26, 221), rep(27,
        241), rep(28, 236), rep(29, 292), rep(30, 287), rep(31,
        311), rep(32, 275), rep(33, 235), rep(34, 234), rep(35,
        227), rep(36, 206), rep(37, 255), rep(38, 209), rep(39,
        193), rep(40, 181), rep(41, 178), rep(42, 165), rep(43,
        164), rep(44, 155), rep(45, 135), rep(46, 138), rep(47,
        120), rep(48, 116), rep(49, 119))


#' @export
jord_1997 <- c(rep(15, 6), rep(16, 19), rep(17, 29), rep(18,
    59), rep(19, 93), rep(20, 126), rep(21, 115), rep(22, 166),
    rep(23, 195), rep(24, 196), rep(25, 228), rep(26, 242), rep(27,
        247), rep(28, 240), rep(29, 238), rep(30, 237), rep(31,
        238), rep(32, 234), rep(33, 229), rep(34, 207), rep(35,
        219), rep(36, 170), rep(37, 173), rep(38, 187), rep(39,
        174), rep(40, 149), rep(41, 152), rep(42, 159), rep(43,
        123), rep(44, 141), rep(45, 139), rep(46, 111), rep(47,
        105), rep(48, 115), rep(49, 87))

#' @export
jord_1990 <- c(rep(15, 13), rep(16, 33), rep(17, 61), rep(18,
    121), rep(19, 125), rep(20, 179), rep(21, 190), rep(22, 217),
    rep(23, 238), rep(24, 258), rep(25, 308), rep(26, 283), rep(27,
        261), rep(28, 243), rep(29, 234), rep(30, 262), rep(31,
        227), rep(32, 241), rep(33, 194), rep(34, 204), rep(35,
        226), rep(36, 187), rep(37, 187), rep(38, 172), rep(39,
        174), rep(40, 200), rep(41, 147), rep(42, 223), rep(43,
        143), rep(44, 165), rep(45, 217), rep(46, 161), rep(47,
        127), rep(48, 147), rep(49, 93))
