#' @export

viet_2005 <- c(rep(15, 650), rep(16, 638), rep(17, 527), rep(18, 487),
    rep(19, 444), rep(20, 408), rep(21, 441), rep(22, 418), rep(23,
        454), rep(24, 385), rep(25, 379), rep(26, 356), rep(27,
        340), rep(28, 376), rep(29, 400), rep(30, 389), rep(31,
        374), rep(32, 351), rep(33, 385), rep(34, 341), rep(35,
        380), rep(36, 369), rep(37, 382), rep(38, 324), rep(39,
        378), rep(40, 366), rep(41, 402), rep(42, 391), rep(43,
        372), rep(44, 348), rep(45, 460), rep(46, 332), rep(47,
        338), rep(48, 333), rep(49, 278))
#' @export
viet_2002 <- c(rep(15, 1), rep(16, 0), rep(17, 0), rep(18, 25), rep(19,
    36), rep(20, 75), rep(21, 86), rep(22, 122), rep(23, 124),
    rep(24, 143), rep(25, 171), rep(26, 196), rep(27, 209), rep(28,
        198), rep(29, 209), rep(30, 233), rep(31, 199), rep(32,
        208), rep(33, 217), rep(34, 206), rep(35, 197), rep(36,
        221), rep(37, 238), rep(38, 249), rep(39, 220), rep(40,
        217), rep(41, 175), rep(42, 250), rep(43, 210), rep(44,
        204), rep(45, 176), rep(46, 154), rep(47, 182), rep(48,
        178), rep(49, 131))
#' @export
viet_1997 <- c(rep(15, 0), rep(16, 6), rep(17, 11), rep(18, 30), rep(19,
    66), rep(20, 101), rep(21, 131), rep(22, 172), rep(23, 159),
    rep(24, 181), rep(25, 208), rep(26, 202), rep(27, 207), rep(28,
        204), rep(29, 202), rep(30, 218), rep(31, 234), rep(32,
        220), rep(33, 256), rep(34, 246), rep(35, 215), rep(36,
        199), rep(37, 284), rep(38, 215), rep(39, 190), rep(40,
        188), rep(41, 191), rep(42, 183), rep(43, 175), rep(44,
        156), rep(45, 134), rep(46, 115), rep(47, 146), rep(48,
        122), rep(49, 97))



