#' @export

myan_2016 <- c(rep(15, 332), rep(16, 396), rep(17, 384), rep(18, 372),
    rep(19, 351), rep(20, 385), rep(21, 385), rep(22, 393), rep(23,
        386), rep(24, 344), rep(25, 355), rep(26, 374), rep(27,
        408), rep(28, 378), rep(29, 365), rep(30, 427), rep(31,
        364), rep(32, 415), rep(33, 394), rep(34, 371), rep(35,
        416), rep(36, 348), rep(37, 372), rep(38, 403), rep(39,
        379), rep(40, 381), rep(41, 318), rep(42, 365), rep(43,
        295), rep(44, 387), rep(45, 394), rep(46, 341), rep(47,
        334), rep(48, 320), rep(49, 253))



