#' @export

camb_2014 <- c(rep(15, 644), rep(16, 553), rep(17, 609), rep(18, 629),
    rep(19, 571), rep(20, 618), rep(21, 610), rep(22, 602), rep(23,
        594), rep(24, 614), rep(25, 566), rep(26, 580), rep(27,
        586), rep(28, 562), rep(29, 572), rep(30, 578), rep(31,
        609), rep(32, 655), rep(33, 560), rep(34, 594), rep(35,
        509), rep(36, 294), rep(37, 319), rep(38, 298), rep(39,
        356), rep(40, 341), rep(41, 391), rep(42, 422), rep(43,
        365), rep(44, 476), rep(45, 430), rep(46, 362), rep(47,
        368), rep(48, 365), rep(49, 376))
		
#' @export

camb_2010 <- c(rep(15, 821), rep(16, 813), rep(17, 838), rep(18, 738),
    rep(19, 660), rep(20, 692), rep(21, 612), rep(22, 634), rep(23,
        617), rep(24, 617), rep(25, 661), rep(26, 637), rep(27,
        634), rep(28, 686), rep(29, 591), rep(30, 715), rep(31,
        565), rep(32, 334), rep(33, 291), rep(34, 273), rep(35,
        381), rep(36, 340), rep(37, 419), rep(38, 448), rep(39,
        407), rep(40, 531), rep(41, 413), rep(42, 414), rep(43,
        425), rep(44, 442), rep(45, 443), rep(46, 433), rep(47,
        428), rep(48, 401), rep(49, 355))
		
		
#' @export	
camb_2005 <- c(rep(15, 828), rep(16, 761), rep(17, 764), rep(18, 701),
    rep(19, 592), rep(20, 624), rep(21, 558), rep(22, 567), rep(23,
        636), rep(24, 635), rep(25, 621), rep(26, 495), rep(27,
        346), rep(28, 334), rep(29, 308), rep(30, 394), rep(31,
        364), rep(32, 379), rep(33, 460), rep(34, 438), rep(35,
        473), rep(36, 439), rep(37, 430), rep(38, 444), rep(39,
        461), rep(40, 423), rep(41, 424), rep(42, 387), rep(43,
        440), rep(44, 406), rep(45, 340), rep(46, 367), rep(47,
        331), rep(48, 353), rep(49, 300))
		
		
#' @export	

camb_2000 <- c(rep(15, 757), rep(16, 745), rep(17, 707), rep(18,
    711), rep(19, 644), rep(20, 629), rep(21, 418), rep(22, 292),
    rep(23, 277), rep(24, 326), rep(25, 413), rep(26, 400), rep(27,
        453), rep(28, 475), rep(29, 423), rep(30, 530), rep(31,
        417), rep(32, 429), rep(33, 434), rep(34, 424), rep(35,
        510), rep(36, 416), rep(37, 456), rep(38, 477), rep(39,
        343), rep(40, 477), rep(41, 337), rep(42, 354), rep(43,
        341), rep(44, 314), rep(45, 360), rep(46, 277), rep(47,
        300), rep(48, 260), rep(49, 225))
		
